341099286700281
377800824434375
377933907242835
371279945363647
371987503089129
342904848180113
347520120000608
345087299205725
371323027591525
371461355923835
371631098378238
377002010344522
378671294063427
373724832709434
343048965263978
371913986540826
345962297118510
340115462705463
344479724203667
379881024564946
348643825596594
377350260059310
375557386108423
343644090371791
346041781555435
340400511020977
375602267971315
342069607517424
347291197340778
347027538899837
341478149321081
341494053593383
375232918505872
370424897006908
346096587598674
371402606559523
373424333058908
378447740630840
377606523972478
345936077950664
346238868070185
343193474062840
371541636223467
340635032090153
342613016040609
374832024571436
341643828979174
344152646903215
376148308638686
344150200431334
372845040284950
347474806542824
347678248055324
342966569460909
345391901730249
379481001594295
341872767062631
375669638223254
347743072903302
375627014201518
348380074470292
379384690377818
349800516304923
377946104904486
372889510148238
347668022327064
370737398790195
375987077868052
341337975311220
374520553924254
378256639534504
373530214661451
374173878059628
377157642541133
372427821921389
342060235548360
371089614361941
343623764368200
342366199435985
342503911511491
340182910526834
343934796747596
371164253296961
379027015915446
349506049490010
343468305208386
374153347005220
342011779960032
373917596525166
342112430783167
348680102416187
378861370512112
346022165925170
348753112701201
375101529143599
376476778886091
374420504099456
345278935785200
371003601216349
348530064094102
340312822758163
373818834436937
374851572491979
341097579638929
346862921299240
347467316734378
341571179808983
379318975305425
375878331658811
371088721646871
370536871082595
341835607220685
370206207480794
345418834371435
347791729119590
348069872144221
348238346229377
348810890063194
371468462349762
345247051989490
346424858839363
340406334499967
343425036165848
348330126716101
345378401159870
378769122257961
376190912953515
345186018961020
344109605175698
348014455732976
376933100339066
371424473702382
377658936548353
348451742785591
371558922354715
345943552807815
342944541265332
346667128190419
371516841064427
341069634175700
341191493807825
375849095426786
341327998406776
373320024546211
375764162075137
349876524660902
346484843904516
340322505765336
377887591156679
372472237014163
376827285622173
340586188451857
343866896883147
341792324847607
344302597643803
347831841967375
370599972654779
370048665763315
340054973026509
377309406748830
340505942531390
347548982862419
377823708733563
345669237352832
342723721770349
377457266051363
378463465022832
340078085425184
344364531977960
343388526072058
374753346027222
340932324895534
379348222061950
376762118942300
343569867301731
343798902142418
348148205340191
373093169571852
372973318934781
376178347375826
340793896910667
371474018769412
349936561749115
376223182133672
377994755755906
341064639935430
346410926848312
374197255480487
349207358486448
344051777795533
344501605777913
375589703574680
379071629443239
375346237827898
370466366152986
371345065034464
341324630272286
370150474018541
370519346593958
343760404348448
346054429736903
373312559083223
340875290689268
375794257607734
376225486384711
340461723185586
374069651002688
377989378616592
375147284637713
343644013532776
371623808586788
374918435077830
373089985302621
374806470600154
373092277339798
371828058199667
372692345727634
347720995440505
341878285747884
379065370544682
340046088188877
378134834349434
347642453675556
349569666036680
343804109762469
345163734761182
343303016328431
375056179527931
346892264222020
371533623908283
376736141567110
375943111324651
379597875936617
377472986271126
376593427556766
371016268727028
379019776693718
346450572950145
342469638470116
348644867853075
374540583970614
341296525659910
343810202064711
347272216085339
348486149682025
378031549878709
373198298524480
340926360816180
379643846342889
346504204739357
30168126222420
30268500365249
30354110281677
30239588233088
30040566862983
30189661315072
38104207936762
30049047051603
36607750649691
36136451582860
30269895579840
38815874018192
30037878089966
30373834081577
30323987531712
30374171795654
36141646206995
30146077320112
38612982747824
30043961594656
36518442249818
30056059212965
30083869005504
30151271898053
38878375713976
38501922795995
30046667559600
30292421273803
30047867378445
38569330492125
30176870986991
30114975582621
30172040240583
38780947578962
30330798658147
30064781587985
30211376150139
30142126121734
30308753409680
30284691389526
30159962100572
30206966616143
30028893688783
38508859803254
30062054759570
38239418298709
30019247917077
30094508346894
38493063323276
30289413656169
30013282900114
30259517461766
30343005354848
30225265924289
30338281479624
30172822699774
30277088086622
30275305815294
30236621944838
30256487641997
30317603337298
38264268861729
38989194195970
30281128314010
30250224193503
36947632727962
30025960936863
30104999648367
38861550320700
30256589407248
30036878815982
38875869077033
30020616353613
30128979254805
30109900990162
30064924184856
30050831705933
38428278934335
30324102667886
30113760130620
30160839197932
30012067435551
30389992118415
38236247988088
36273067221037
36571032223479
36042789358777
30128984218035
36975661500208
30057785734181
30038586015111
30346347820756
30025787852228
30317730095744
36170060358263
38818565603793
38501228215078
30396835134053
38959054483162
38774648804025
6011895364284312
6011590917500856
6011856315082528
6011103074733102
6011070150757760
6011419295928978
6011840611738363
6011898597880757
6011788643087392
6011412671951326
6011132923175199
6011913882732728
6011755161195824
6011618261346160
6011409067904372
6011840236453059
6011551117645602
6011773860229638
6011846309669190
6011438097910844
6011180634930691
6011731885300735
6011404579007350
6011586433419423
6011558745395179
6011721780555434
6011149467015821
6011107029825467
6011355242634329
6011019151395401
6011084695816924
6011800471012358
6011879787146647
6011156793687801
6011633530768763
6011969289777807
6011913888966346
6011566578846085
6011675267727926
6011771534992425
6011604690000420
6011307683846276
6011830245861392
6011139015642267
6011111957929465
6011641336698456
6011016411577091
6011594256934759
6011535040059866
6011015928835919
6011391136520761
6011706420807287
6011084100531134
6011009899730076
6011407527675681
6011154356848498
6011544649893972
6011496504817879
6011458359952631
6011797123337136
6011337455940577
6011985593302934
6011788949478378
6011705262602574
6011094781399370
6011301082950037
6011110931426077
6011533496921994
6011068292045078
6011880159626950
6011605155492085
6011911858172291
6011347845678670
6011147385692101
6011063973983614
6011821490519462
6011338838945457
6011086013194777
6011528531791329
6011489090455659
6011050304268518
6011182202419701
6011088107599556
6011679397987194
6011348632484686
6011948897312280
6011491092463004
6011894958609398
6011476586398584
6011189387575173
6011522443421448
6011696088393532
6011076595750070
6011608904338583
6011456149995985
6011280716578689
6011379856193737
6011339422899480
6011337690178512
6011397011672148
214962187087880
214981535904653
201499149947153
201497156558566
214972840863817
214931956927220
201469690018340
201415930835282
214929721635508
201401883480144
214993507382370
214964277875398
201404660012346
201447880362660
214910849908399
201424576519457
214914020034959
201470069328914
201488657495978
214903792602457
214954708735030
214944554587726
214907105632077
214971062380799
214986974518898
201407629515606
214998721968417
201499783854442
214974960060489
201486358883930
214904128040131
214986969645615
214910056207584
201429731459242
214946956942565
214991130780432
201405063781031
214980259810567
201436981984449
214913779922463
214908572590707
214976453929054
214950335024970
214903647520268
201441553978746
214908748240765
214950386698508
214911929491751
214999561187662
214994160630279
214926313520627
214939705745488
201440689879265
201409033167701
214931202521934
201477411658260
201481338508400
201466278883046
214948147241378
201465670951542
214997967984120
201462849707699
201460402598778
201435015219178
201423719275225
214941657374341
201484951242398
201435708555292
201444440518907
201467013247737
201477119143532
214972910761297
201444560727577
214912471112423
214947346126505
214957398054166
214947552654802
214957298862502
201402475941543
214965008202646
201486561417989
214948110578244
201489094897826
214970820269575
201420952276589
201482442136062
214913480873286
214958309416270
214917150900147
201478737158910
214985836038434
201477809116301
214991082190606
201435683899962
214980651659323
201497408991573
214985795966898
201432380338725
201419145098009
214908489696225
4556082949071
4716882105775
4358835936277
4539761320988
4539945598244
4929632217432
4916771787523
4556083404449
4485389342378
4024007142553
4556926499770
4539845807943
4485489125236
4485062288856
4556607191282
4539023744801
4024007198902
4716691078304
4539828062755
4916177303974
4929988870214
4024007106228
4556815763047
4539924118147
4556301262553
4539945453846
4539737774383
4556282344065
4532433900212
4368250267538
4024007104116
4929544828524
4485989855001
4539573955609
4716411470823
4532076346608
4929071242172
4539411574265
4556316930533
4556916282384
4024007169044
4547596173993
4024007158997
4485021250740
4024007126333
4916326232405
4916254838256
4916923574605
4916310722148
4024007159771
4916135389693
4532988643647
4556137871767
4386108136341
4024007145309
4024007155530
4532206465724
4532615721824
4716722174775
4532448735363
4556832343021
4556264370229
4532978458378
4539585578969
4556069044011
4556523370515
4598421765271
4726248298743
4716843395697
4716164980424
4556216545274
4716186272487
4556042224078
4810582320659
4929626359398
4024007171420
4556593772632
4556791025221
4413338992184
4093048633706
4024007190891
4485184922036
4916930981405
4502470471435
4532178797559
4024007104488
4929442937997
4916814121664
4532458215207
4539679737760
4929245582867
4485266879245
4969935440703
4539923266673
4532270065178
4929403061050
4532512901768
4024007116011
4556726171918
4556010024260
4539764649862
4024007102870
4532849550700
4539546617823
4716370497437
4024007101211
4104805537558
4716121042854
4572770614083
4485877103423
4532829065752
4916590664747
4087915113271
4556953824643
4485407249001
4556836646106
4929728372836
4532628243949
4929607182595
4716555582482
4532239379496
4018360923880
4539998231628
4024007140128
4532347909580
4485685138108
4502211883740
4532082540418
4532715633770
4556176543327
4485486937146
4024007190925
4911608091850
4716420367374
4539101335514
4899331046335
4539471242076
4485706554697
4539633011948
4929286046541
4929689915979
4024007154475
4539774836400
4804120349502
4716280083491
4532221035676
4539597469215
4929400665283
4485850134460
4532609762396
4024007161934
4556041631331
4716065184464
4556280827178
4485870306262
4024007170166
4556354669944
4716110943039
4024007100353
4716784062645
4916939400829
4532868283225
4556689457726
4556388570274
4556230699677
4539081616321
4716376428048
4485478176190
4916001314379
4916823816700
4556277398209
4929172549418
4929401307208
4556246004052
4929487909323
4267960962059
4916680305987
4642275849672
4539617029825
4556376944770
4532583518673
4532147219875
4716628225051
4916780351790
4556780830128
4916197387106
4916760313984
4485733864341
4916957768867
4916489723059
4539908485868
4024007196039
4916274253924
4929909233914
4024007194646
4716920069785
4024007118785
4532049953472
4916815449577
4539250539254
